25
25
1 1 -1
1 0 -1
1 1 -1
0 1 -1
0 1 -1
1 1 -1
0 1 -1
1 0 -1
0 1 -1
0 1 279
1 0 539
1 0 -1
1 1 -1
1 0 -1
0 1 -1
0 0 -1
1 1 -1
1 0 -1
1 0 -1
0 1 -1
0 0 -1
1 0 -1
1 0 -1
0 1 -1
0 0 -1
1 0 -1
1 0 -1
0 1 -1
1 0 -1
0 1 -1
1 0 -1
0 1 -1
1 0 -1
1 1 357
1 0 186
1 1 -1
1 0 -1
0 0 -1
1 1 -1
0 1 -1
1 0 -1
0 1 -1
1 1 -1
1 0 -1
0 1 -1
0 1 258
1 0 -1
1 0 -1
0 0 -1
0 0 -1
1 0 -1
0 0 -1
1 0 -1
0 1 329
1 1 -1
1 0 -1
1 0 169
0 1 -1
1 1 -1
0 1 -1
1 0 -1
1 0 430
0 1 -1
0 1 -1
0 1 441
1 1 -1
0 1 -1
0 1 -1
0 1 -1
0 1 -1
1 0 -1
0 1 -1
1 0 -1
0 0 -1
1 0 -1
0 0 193
1 0 377
1 1 -1
0 0 -1
0 1 -1
0 1 -1
0 1 -1
0 0 -1
1 0 -1
0 1 -1
0 1 -1
1 0 -1
0 1 -1
1 1 -1
0 1 -1
0 0 -1
0 0 163
0 1 -1
0 1 114
1 1 -1
1 0 -1
0 0 -1
0 0 -1
1 1 -1
0 0 -1
0 1 -1
1 0 -1
1 1 -1
0 0 -1
1 1 -1
1 1 -1
0 0 -1
1 1 -1
0 1 -1
0 1 -1
1 0 -1
1 0 -1
1 0 -1
1 1 -1
0 0 93
1 1 -1
1 0 -1
1 0 -1
0 0 -1
0 0 -1
1 0 189
0 1 620
0 1 -1
1 1 -1
1 0 -1
1 1 -1
1 0 -1
1 1 -1
0 1 -1
0 0 -1
1 0 -1
0 1 513
1 0 -1
0 1 -1
0 1 -1
0 1 -1
0 0 -1
1 1 -1
1 1 -1
0 0 -1
1 1 -1
1 1 -1
1 1 -1
1 1 -1
0 0 -1
0 0 -1
1 1 -1
0 1 414
1 0 -1
1 0 -1
0 1 -1
1 1 -1
1 1 -1
1 0 -1
0 1 -1
1 1 -1
1 1 -1
1 1 -1
1 0 -1
0 1 347
0 1 376
0 1 -1
0 1 -1
1 1 91
0 0 607
1 1 -1
1 0 -1
1 1 -1
1 1 -1
0 1 56
1 0 -1
0 0 -1
1 1 -1
0 0 -1
0 0 -1
0 0 -1
0 0 -1
1 0 -1
0 0 -1
0 0 -1
1 0 -1
0 0 -1
0 0 -1
0 0 -1
0 1 -1
1 1 -1
1 0 34
0 0 -1
0 1 -1
1 1 120
1 0 -1
0 1 -1
0 0 -1
0 0 75
1 1 -1
1 0 -1
0 0 -1
0 0 -1
1 1 -1
0 0 -1
0 1 289
1 0 -1
0 1 -1
1 1 -1
0 1 -1
1 0 238
1 1 -1
0 1 -1
1 1 -1
1 1 -1
1 0 -1
0 1 -1
0 0 -1
1 1 -1
1 1 -1
1 1 -1
1 1 -1
0 1 -1
1 0 -1
0 1 -1
1 1 -1
0 0 -1
1 1 -1
0 1 -1
0 0 -1
1 1 -1
1 1 -1
1 0 -1
1 1 -1
1 0 -1
1 0 -1
0 0 -1
0 1 -1
1 0 -1
1 0 -1
0 1 -1
1 1 -1
1 0 -1
1 1 205
0 1 -1
1 1 -1
1 0 -1
1 1 -1
0 1 -1
1 0 -1
0 1 -1
1 1 -1
0 0 -1
0 1 -1
1 0 250
0 1 249
1 1 -1
0 0 -1
1 1 -1
1 1 -1
1 1 589
1 1 -1
0 0 -1
0 0 45
1 1 -1
0 1 -1
0 0 -1
0 1 -1
1 1 -1
1 1 -1
1 0 -1
1 1 -1
1 1 -1
0 1 -1
0 0 -1
1 0 -1
1 0 -1
0 0 -1
0 1 -1
1 0 -1
1 1 -1
0 1 -1
1 0 363
1 1 -1
1 1 9
0 1 -1
1 1 -1
0 0 -1
1 0 -1
0 0 -1
1 1 -1
0 1 -1
1 1 -1
1 0 -1
1 1 200
1 0 -1
1 1 -1
0 1 -1
0 1 -1
0 0 -1
0 1 -1
0 1 -1
1 0 -1
1 1 -1
1 0 -1
1 0 -1
0 0 -1
1 0 -1
1 1 -1
1 0 -1
1 1 -1
1 1 -1
0 1 -1
1 0 -1
0 1 -1
1 0 -1
0 1 -1
1 0 -1
0 1 -1
0 1 -1
1 0 -1
1 1 -1
0 0 -1
0 1 -1
1 0 -1
1 0 -1
0 1 -1
0 0 564
1 0 -1
1 0 -1
0 1 -1
0 0 -1
0 1 -1
0 1 -1
1 1 53
0 0 -1
0 0 -1
0 1 -1
1 0 -1
1 1 420
1 1 -1
0 0 -1
1 0 -1
1 1 -1
1 0 566
1 0 -1
1 0 -1
1 1 -1
1 1 -1
0 0 -1
1 1 -1
0 0 -1
0 0 159
0 0 -1
0 0 -1
1 1 -1
1 1 -1
0 0 -1
1 1 -1
0 1 -1
1 0 -1
0 0 -1
1 1 33
1 1 -1
1 0 -1
0 0 -1
1 0 -1
1 1 -1
1 0 277
1 1 -1
1 1 581
0 0 -1
1 1 -1
0 0 -1
0 1 -1
1 0 -1
0 0 -1
0 1 -1
0 1 -1
0 0 -1
0 0 -1
0 0 160
1 0 76
0 0 -1
0 1 -1
1 0 -1
1 0 -1
1 0 -1
0 0 -1
1 1 -1
0 0 -1
0 0 -1
0 1 -1
1 0 -1
0 0 -1
0 1 -1
1 0 -1
1 1 -1
1 1 -1
1 1 -1
0 0 -1
0 0 -1
1 0 -1
1 1 -1
0 0 571
0 0 -1
0 0 -1
1 0 -1
1 1 -1
0 1 -1
1 0 -1
1 1 -1
0 1 -1
0 1 -1
1 1 521
1 1 -1
0 0 567
1 1 -1
1 1 -1
0 1 147
0 1 -1
1 1 -1
0 1 592
0 0 -1
1 0 -1
0 1 334
0 0 -1
1 0 -1
1 1 -1
1 0 -1
1 0 -1
1 1 -1
0 1 548
0 1 -1
1 1 -1
1 0 61
0 1 -1
1 1 -1
1 0 -1
0 0 -1
1 0 -1
0 1 602
0 0 -1
1 1 -1
1 1 -1
0 0 -1
1 1 64
0 1 -1
1 0 -1
1 1 -1
0 1 -1
1 1 -1
0 1 -1
0 1 -1
1 0 -1
0 0 -1
1 1 -1
0 1 -1
1 1 -1
0 1 -1
1 0 -1
1 1 -1
1 1 -1
1 0 -1
1 1 -1
1 1 -1
1 1 -1
1 1 -1
1 1 -1
1 0 -1
0 0 -1
1 1 -1
1 1 -1
1 1 -1
0 1 -1
0 1 -1
0 0 -1
0 0 -1
0 0 -1
1 0 -1
0 0 -1
1 0 -1
1 1 -1
0 0 -1
0 1 -1
0 1 -1
0 1 -1
0 1 -1
0 0 -1
0 1 -1
1 1 568
1 1 -1
1 0 -1
0 0 -1
1 1 -1
1 1 -1
0 1 -1
0 1 -1
1 0 -1
0 0 -1
1 1 537
1 0 -1
1 0 -1
1 1 -1
1 0 -1
0 0 -1
1 0 -1
1 0 -1
1 1 -1
0 1 -1
1 1 -1
0 0 -1
0 0 -1
0 1 -1
1 1 -1
1 1 -1
0 0 -1
1 1 -1
1 1 131
0 1 -1
0 0 -1
0 1 -1
1 0 -1
0 1 -1
1 0 -1
0 1 563
1 0 409
1 0 -1
0 0 -1
0 0 -1
0 1 -1
1 0 -1
0 1 -1
0 0 591
1 0 -1
1 1 -1
0 1 -1
0 0 -1
0 1 -1
0 0 -1
0 0 -1
1 0 -1
1 0 495
1 0 -1
1 1 10
0 1 -1
0 1 -1
0 0 -1
0 0 -1
0 1 -1
0 1 -1
1 1 -1
0 0 -1
0 0 427
0 0 -1
1 0 -1
0 0 -1
0 0 -1
0 0 -1
0 0 -1
0 1 575
1 1 -1
0 1 -1
1 0 -1
1 1 -1
0 0 -1
1 0 -1
1 1 -1
0 1 520
0 0 322
1 1 -1
1 1 339
0 0 411
1 1 485
0 0 -1
0 0 -1
0 0 399
1 1 -1
0 1 -1
1 0 -1
0 1 555
0 1 -1
1 1 -1
1 0 -1
0 1 -1
1 0 -1
1 0 365
0 0 -1
1 0 -1
0 0 -1
1 0 -1
1 0 -1
0 0 -1
0 0 -1
1 0 255
0 0 -1
1 0 528
1 0 417
1 1 -1
1 0 -1
1 0 -1
1 1 -1
1 0 -1
0 0 -1
1 0 -1
0 1 -1
0 0 -1
0 0 436
0 0 -1
0 0 -1
0 0 -1
0 0 -1
0 1 164
0 0 -1
0 1 -1
0 1 -1
0 0 -1
0 1 -1
0 0 -1
0 0 -1
0 1 -1
0 0 -1
0 1 -1
0 1 -1
0 0 -1
0 1 121
0 1 -1
0 1 -1
0 1 -1
0 0 -1
S E warp
