10
10
1 0 -1
1 1 -1
0 0 -1
1 0 -1
0 0 -1
0 0 -1
0 0 -1
1 0 -1
1 0 -1
1 0 -1
0 1 -1
1 0 -1
0 1 -1
1 0 -1
0 0 -1
1 1 -1
0 1 -1
1 0 -1
0 0 -1
1 0 -1
1 0 -1
1 1 -1
1 1 -1
0 0 -1
1 1 -1
1 1 -1
1 1 -1
1 0 -1
0 0 -1
0 0 -1
1 0 -1
0 1 -1
0 1 -1
1 1 -1
1 0 -1
1 0 -1
0 0 -1
1 0 -1
1 1 -1
0 0 -1
0 0 -1
1 1 -1
1 1 -1
0 1 -1
0 0 -1
0 1 -1
0 0 -1
0 0 -1
0 1 -1
0 0 -1
0 1 -1
0 0 -1
0 1 -1
1 0 -1
0 1 -1
0 1 -1
0 0 -1
0 1 -1
1 1 -1
1 0 -1
1 0 -1
0 1 -1
0 1 -1
1 0 -1
1 0 -1
0 1 -1
1 0 -1
1 0 -1
0 1 -1
1 0 -1
1 0 -1
1 1 -1
1 0 -1
1 1 -1
0 1 -1
0 0 -1
1 1 -1
0 0 -1
0 1 94
1 0 -1
0 1 -1
1 0 -1
1 1 -1
0 1 -1
1 1 -1
1 1 -1
0 1 -1
1 0 -1
0 0 -1
1 0 -1
0 1 -1
0 0 -1
0 1 -1
0 1 -1
0 0 78
0 1 -1
0 0 -1
0 1 -1
0 0 -1
0 0 -1
S E warp
